
('D = ', [-0.07607608825904372, 0.11083037391502779, -0.0038828399493053885, -0.0075392454046213685, 0.0])
('K = ', [759.017659637761, 0.0, 270.3200780367981, 0.0, 758.9100372517289, 238.6503313853273, 0.0, 0.0, 1.0])
('R = ', [1.0, 0.0, 0.0, 0.0, 1.0, 0.0, 0.0, 0.0, 1.0])
('P = ', [749.1939697265625, 0.0, 266.53693680975266, 0.0, 0.0, 754.9024658203125, 237.61127744885744, 0.0, 0.0, 0.0, 1.0, 0.0])
None
# oST version 5.0 parameters


[image]

width
640

height
480

[narrow_stereo]

camera matrix
759.017660 0.000000 270.320078
0.000000 758.910037 238.650331
0.000000 0.000000 1.000000

distortion
-0.076076 0.110830 -0.003883 -0.007539 0.000000

rectification
1.000000 0.000000 0.000000
0.000000 1.000000 0.000000
0.000000 0.000000 1.000000

projection
749.193970 0.000000 266.536937 0.000000
0.000000 754.902466 237.611277 0.000000
0.000000 0.000000 1.000000 0.000000



