image_width: 640
image_height: 480
camera_name: ps3_cam
camera_matrix:
  rows: 3
  cols: 3
  data: [759.017660, 0.000000, 270.320078, 0.000000, 758.910037, 238.650331, 0.000000, 0.000000, 1.000000]

distortion_model: plumb_bob
distortion_coefficients:
  rows: 1
  cols: 5
  data: [-0.372113, 0.102551, 0.002860, -0.00785, 0.000000]

rectification_matrix:
  rows: 3
  cols: 3
  data: [1.000000, 0.000000, 0.000000, 0.000000, 1.000000, 0.000000, 0.000000, 0.000000, 1.000000]
projection_matrix:
  rows: 3
  cols: 4
  data: [749.193970, 0.000000, 266.536937, 0.000000, 0.000000, 754.902466, 237.611277, 0.000000, 0.000000, 0.000000, 1.000000, 0.000000]
